None	0
-1	3598544
-10	3087175
-100	2
-1000	1
-1004	1
-1008	2
-101	4
-1019	1
-102	2
-103	2
-1035	1
-104	1
-105	3
-106	3
-107	3
-108	5
-1086	1
-1089	1
-109	3
-11	2367053
-110	7
-111	2
-1116	1
-112	1
-113	6
-114	3
-1141	1
-115	1
-1156	2
-116	1
-1161	1
-1162	1
-117	1
-118	1
-1185	1
-1186	1
-1188	1
-119	3
-1194	1
-12	2194538
-120	9
-1204	1
-1205	1
-1208	1
-121	4
-1211	1
-1219	1
-122	5
-1228	1
-123	4
-1232	1
-1233	1
-1236	1
-1237	1
-1238	1
-124	2
-1243	1
-125	12
-1251	1
-1252	1
-1258	1
-126	6
-1263	1
-1265	1
-127	5
-1279	2
-128	3
-1280	1
-1283	1
-1287	1
-129	4
-1290	1
-1295	1
-1298	1
-13	1926873
-130	4
-1302	3
-131	2
-132	1
-134	3
-135	6
-136	1
-137	3
-138	3
-1388	1
-1395	1
-14	1648996
-140	2
-1405	1
-1410	1
-142	2
-1426	1
-143	4
-1437	1
-144	3
-145	2
-146	1
-147	1
-148	1
-149	1
-15	1623204
-155	1
-157	4
-158	1
-16	1242888
-160	2
-162	2
-165	2
-167	1
-168	1
-169	1
-17	1100568
-170	1
-172	1
-175	2
-18	938961
-183	1
-185	2
-186	2
-188	1
-189	1
-19	782208
-192	1
-194	1
-195	2
-196	1
-197	2
-198	1
-199	1
-2	3993044
-20	744554
-201	1
-203	2
-205	1
-207	1
-21	558009
-212	2
-22	485558
-221	1
-227	2
-228	1
-23	405319
-230	1
-236	1
-24	333909
-240	2
-245	2
-25	313824
-251	1
-257	1
-258	2
-26	232612
-263	1
-266	1
-27	199237
-272	1
-28	166162
-283	1
-284	1
-289	1
-29	134271
-290	1
-298	1
-3	3983848
-30	128388
-303	1
-308	1
-31	92793
-310	1
-311	2
-312	1
-317	1
-32	79087
-320	1
-323	1
-325	3
-33	65829
-336	1
-338	1
-34	53718
-35	50354
-350	1
-36	36834
-37	31379
-370	2
-377	1
-378	1
-38	25736
-386	1
-387	1
-39	20839
-392	1
-4	3773394
-40	19891
-405	1
-41	14171
-411	1
-412	1
-42	12262
-426	1
-43	10044
-434	1
-436	1
-44	8160
-45	7950
-451	1
-453	1
-46	5609
-466	1
-469	1
-47	4802
-474	1
-475	1
-48	3943
-480	1
-486	1
-489	1
-49	3233
-5	4446204
-50	3107
-502	1
-51	2252
-515	1
-52	1980
-520	1
-521	1
-53	1526
-536	1
-54	1233
-549	1
-55	1297
-551	2
-554	1
-559	1
-56	921
-562	1
-564	1
-568	2
-57	789
-574	1
-575	1
-579	1
-58	641
-582	1
-588	1
-59	553
-590	1
-592	1
-595	1
-599	2
-6	3551319
-60	617
-607	1
-608	1
-61	386
-610	1
-614	1
-616	1
-62	318
-63	276
-64	223
-649	1
-65	249
-652	2
-658	1
-66	174
-660	1
-661	1
-664	2
-665	1
-667	1
-67	157
-672	1
-673	1
-676	2
-68	164
-687	1
-688	1
-69	114
-690	1
-692	2
-693	1
-699	1
-7	3527496
-70	127
-702	2
-706	1
-708	1
-71	82
-710	2
-715	3
-719	1
-72	76
-720	1
-721	1
-729	1
-73	66
-735	1
-74	49
-741	1
-748	1
-75	70
-751	1
-754	1
-76	48
-761	1
-767	1
-768	1
-77	34
-770	1
-776	1
-778	1
-779	1
-78	27
-780	1
-79	30
-790	1
-793	1
-794	2
-795	1
-8	3263440
-80	33
-802	1
-804	1
-81	18
-812	1
-813	1
-814	1
-818	1
-82	20
-822	1
-823	1
-825	1
-827	1
-828	1
-829	2
-83	18
-830	1
-832	1
-833	1
-834	1
-835	1
-838	1
-84	12
-85	16
-851	1
-852	1
-853	1
-86	17
-864	1
-87	9
-874	1
-88	7
-884	2
-885	1
-89	9
-899	1
-9	2886834
-90	10
-905	1
-907	2
-908	1
-91	6
-910	1
-912	1
-914	1
-92	6
-926	1
-928	1
-929	2
-93	8
-931	1
-932	1
-937	1
-939	1
-94	8
-942	1
-945	2
-95	7
-950	1
-951	1
-953	1
-954	1
-96	4
-960	1
-964	1
-965	1
-966	1
-967	1
-968	1
-97	5
-972	1
-973	1
-974	1
-975	1
-978	1
-98	8
-985	1
-987	1
-988	1
-989	1
-99	2
-991	1
0	5029423
1	3116952
10	1961906
100	46300
1000	8
1001	11
1002	11
1003	9
1004	6
1005	6
1006	13
1007	6
1008	10
1009	7
101	40179
1010	11
1011	6
1012	10
1013	7
1014	7
1015	13
1016	7
1017	9
1018	7
1019	4
102	40777
1020	4
1021	8
1022	7
1023	6
1024	9
1025	7
1026	11
1027	10
1028	6
1029	5
103	39710
1030	4
1031	9
1032	12
1033	9
1034	8
1035	6
1036	3
1037	5
1038	9
1039	6
104	37923
1040	10
1041	10
1042	7
1043	6
1044	8
1045	8
1046	2
1047	5
1048	7
1049	3
105	41284
1050	8
1051	3
1052	5
1053	3
1054	8
1055	4
1056	11
1057	8
1058	4
1059	3
106	36258
1060	6
1061	7
1062	3
1063	6
1064	11
1065	4
1066	6
1067	8
1068	7
1069	5
107	35935
1070	7
1071	5
1072	2
1073	8
1074	6
1075	5
1076	4
1077	5
1078	3
1079	6
108	35587
1080	1
1081	7
1082	8
1083	4
1084	5
1085	10
1086	5
1087	5
1088	8
1089	5
109	33625
1090	12
1091	6
1092	2
1093	8
1094	4
1095	7
1096	6
1097	8
1098	4
1099	4
11	1575857
110	36845
1100	9
1101	4
1102	5
1103	4
1104	9
1105	2
1106	5
1107	4
1108	4
1109	10
111	32513
1110	5
1111	2
1112	5
1113	2
1114	7
1115	1
1116	4
1117	3
1118	4
1119	3
112	32903
1120	2
1121	6
1122	2
1123	4
1124	7
1125	5
1126	2
1127	7
1128	3
1129	1
113	31705
1130	6
1131	4
1132	2
1133	5
1134	5
1135	6
1136	3
1137	1
1138	2
1139	6
114	30300
1140	4
1141	8
1142	3
1143	4
1144	1
1146	6
1147	5
1148	2
1149	5
115	33155
1150	1
1151	1
1152	3
1153	4
1154	7
1155	3
1156	1
1157	3
1158	6
1159	6
116	29167
1160	5
1161	4
1162	4
1163	3
1164	7
1165	4
1166	6
1167	4
1168	8
1169	5
117	29678
1170	6
1171	5
1172	2
1173	1
1174	3
1176	5
1177	2
1178	3
1179	2
118	28676
1180	3
1181	3
1182	6
1183	4
1184	2
1185	6
1186	2
1187	3
1188	5
1189	3
119	27052
1190	4
1191	4
1192	4
1193	4
1194	3
1195	6
1196	1
1198	4
1199	5
12	1542099
120	30186
1200	3
1201	6
1202	5
1203	2
1204	3
1205	4
1206	4
1207	4
1208	2
1209	2
121	26042
1210	4
1211	1
1212	3
1213	2
1215	2
1216	2
1217	3
1218	3
1219	3
122	26463
1220	3
1221	3
1222	3
1223	3
1225	3
1226	5
1227	3
1228	4
1229	1
123	25464
1230	1
1231	1
1232	3
1233	1
1234	4
1235	2
1236	6
1237	3
1238	3
1239	4
124	24402
1240	2
1241	2
1242	1
1243	3
1244	5
1245	7
1246	3
1247	3
1248	2
125	26967
1250	3
1251	2
1252	2
1253	1
1255	2
1256	1
1257	1
1258	2
1259	4
126	23790
1260	2
1261	5
1262	1
1263	1
1264	1
1265	1
1268	1
1269	2
127	23823
1270	2
1271	4
1272	2
1273	3
1274	5
1275	2
1276	1
1277	2
1278	1
1279	2
128	23309
1280	5
1281	1
1282	1
1283	3
1284	2
1285	4
1286	2
1287	1
1288	3
1289	1
129	22202
1291	2
1292	2
1293	1
1294	1
1297	4
1298	1
1299	3
13	1429633
130	24055
1300	2
1301	1
1302	1
1303	3
1304	2
1307	1
1308	1
1309	5
131	21325
1310	3
1312	2
1313	3
1314	2
1315	1
1316	1
1317	1
1319	2
132	21278
1320	3
1321	3
1322	1
1323	1
1324	1
1325	2
1327	2
1328	2
1329	3
133	21141
1330	3
1331	2
1332	2
1334	2
1336	1
1337	4
1338	1
1339	2
134	20106
1340	2
1342	4
1343	2
1344	1
1345	3
1346	1
1348	2
1349	1
135	21948
1350	1
1351	1
1352	2
1353	1
1354	1
1355	2
1356	2
1357	1
1359	6
136	19124
1361	2
1362	2
1363	1
1364	2
1366	1
1367	4
1368	2
1369	3
137	19396
1372	1
1373	3
1374	3
1375	1
1377	1
1379	3
138	18823
1380	1
1381	1
1382	1
1385	1
1386	2
1387	1
1389	1
139	18235
1390	1
1392	1
1393	1
1394	1
1397	1
1398	1
14	1426285
140	19593
1402	1
1403	1
1404	1
1405	1
1406	2
1407	1
1408	3
141	17366
1410	1
1412	2
1413	1
1414	2
1416	4
1417	2
1418	3
1419	4
142	17277
1420	5
1421	6
1422	4
1423	8
1424	2
1425	9
1426	11
1427	6
1428	18
1429	11
143	17016
1430	12
1431	18
1432	12
1433	8
1434	6
1435	6
1437	1
1438	3
1439	1
144	16109
1441	2
1443	1
1444	1
1445	2
1446	2
1447	1
1448	1
145	17427
1454	1
1457	1
146	15753
1462	1
1465	1
1468	2
1469	1
147	15754
1472	1
1473	1
148	15384
1481	1
1486	1
149	14717
1491	2
1494	1
15	1187347
150	16019
1502	1
1504	1
151	14185
1517	1
152	14427
1528	1
153	13865
1532	1
1534	1
154	13406
1541	1
155	14443
156	12744
1564	1
157	12828
1575	1
1579	1
158	12759
1584	2
159	12231
1597	1
16	996297
160	13004
1602	1
1608	1
1609	1
161	11783
1611	1
1612	1
162	11711
1622	1
1625	2
1629	1
163	11507
1631	1
1634	1
1639	1
164	10884
1642	1
165	11947
1652	1
1655	1
166	10373
1665	1
1667	1
167	10646
168	10556
1688	1
169	9843
1691	1
17	971369
170	10883
171	9545
1710	1
1715	1
172	9960
1724	1
173	9494
1735	1
174	9035
175	9726
176	8699
177	8831
1779	1
178	8654
179	8321
18	913566
180	9016
1808	1
181	8118
182	8136
183	8038
184	7514
1848	1
185	8221
186	7283
1864	1
187	7505
1879	1
188	7130
189	6964
19	825564
190	7448
191	6711
192	6681
1925	1
193	6631
194	6263
1942	1
1946	1
195	6757
196	6119
197	6188
198	5983
199	5815
2	3234860
20	870917
200	6251
201	5576
202	5438
203	5359
204	5238
205	5697
206	5276
207	5041
208	4992
209	4833
21	712923
210	5274
211	4673
212	4634
213	4506
2137	1
214	4346
215	4804
216	4168
217	4318
218	4162
219	4108
22	695941
220	4418
221	3801
222	3970
223	3898
224	3644
225	4051
226	3600
227	3602
228	3558
229	3256
23	648100
230	3761
231	3240
232	3310
233	3177
234	3118
235	3491
236	3097
237	2981
238	3031
239	2770
24	586826
240	3190
241	2728
242	2842
243	2710
244	2632
245	2794
246	2564
247	2510
248	2536
249	2443
25	625120
250	2536
251	2334
252	2344
253	2215
254	2271
255	2377
256	2170
257	2184
258	2126
259	2032
2598	1
26	512705
260	2244
261	1959
262	2008
263	1952
264	1939
265	2029
266	1852
267	1813
268	1691
269	1735
27	502791
270	1892
271	1692
272	1716
273	1660
274	1604
275	1774
276	1512
277	1549
278	1571
279	1492
28	473051
280	1587
281	1403
282	1392
283	1457
284	1350
285	1463
286	1360
287	1325
288	1340
289	1264
29	428141
290	1331
291	1270
292	1252
293	1204
294	1216
295	1158
296	1121
297	1151
298	1109
299	1084
3	3092706
30	463020
300	1152
301	1049
302	1004
303	966
304	1005
305	1089
306	959
307	949
308	950
309	872
31	381899
310	986
311	878
312	862
313	873
314	834
315	956
316	838
317	845
318	823
319	765
32	375941
320	914
321	720
322	762
323	760
324	757
325	807
326	728
327	707
328	722
329	664
33	357417
330	741
331	671
332	670
333	668
334	586
335	676
336	641
337	617
338	611
339	573
34	327247
340	602
341	582
342	591
343	571
344	525
345	560
346	505
347	537
348	481
349	479
35	352943
350	514
351	470
352	520
353	470
354	449
355	533
356	461
357	426
358	457
359	417
36	294203
360	428
361	439
362	398
363	417
364	387
365	422
366	404
367	378
368	392
369	346
37	291857
370	396
371	367
372	371
373	373
374	358
375	386
376	317
377	333
378	336
379	358
38	278699
380	351
381	298
382	324
383	329
384	318
385	341
386	305
387	287
388	307
389	286
39	255926
390	312
391	284
392	255
393	260
394	257
395	299
396	238
397	237
398	247
399	253
4	2782444
40	279467
400	265
401	248
402	224
403	228
404	229
405	252
406	240
407	227
408	215
409	213
41	233364
410	207
411	220
412	243
413	180
414	196
415	199
416	205
417	178
418	186
419	187
42	232531
420	207
421	180
422	194
423	186
424	175
425	202
426	193
427	143
428	164
429	147
43	223081
430	175
431	163
432	143
433	137
434	152
435	182
436	150
437	152
438	145
439	171
44	204719
440	165
441	138
442	158
443	127
444	130
445	134
446	134
447	131
448	125
449	135
45	225965
450	127
451	111
452	120
453	114
454	120
455	121
456	105
457	110
458	110
459	116
46	189800
460	144
461	90
462	105
463	117
464	84
465	114
466	100
467	98
468	118
469	77
47	189668
470	112
471	104
472	103
473	112
474	71
475	103
476	75
477	87
478	84
479	61
48	182983
480	92
481	77
482	71
483	82
484	76
485	93
486	74
487	74
488	77
489	72
49	169081
490	50
491	77
492	74
493	80
494	76
495	91
496	70
497	89
498	88
499	68
5	2961909
50	187671
500	68
501	75
502	79
503	64
504	68
505	61
506	53
507	61
508	68
509	59
51	157168
510	69
511	64
512	69
513	45
514	61
515	44
516	49
517	51
518	53
519	53
52	157428
520	51
521	51
522	37
523	50
524	40
525	47
526	43
527	55
528	50
529	53
53	153450
530	50
531	43
532	46
533	44
534	52
535	47
536	45
537	41
538	38
539	34
54	142398
540	45
541	37
542	45
543	48
544	38
545	42
546	42
547	32
548	43
549	32
55	157053
550	54
551	43
552	41
553	41
554	37
555	47
556	41
557	37
558	36
559	30
56	133414
560	40
561	41
562	38
563	32
564	37
565	39
566	33
567	24
568	37
569	47
57	133501
570	34
571	32
572	43
573	34
574	34
575	30
576	33
577	28
578	35
579	26
58	128864
580	40
581	38
582	34
583	29
584	25
585	35
586	41
587	30
588	24
589	33
59	119916
590	30
591	30
592	31
593	23
594	31
595	32
596	21
597	32
598	20
599	27
6	2369915
60	135530
600	34
601	30
602	30
603	29
604	27
605	31
606	20
607	28
608	28
609	27
61	113254
610	33
611	33
612	16
613	28
614	27
615	22
616	13
617	22
618	22
619	22
62	114745
620	25
621	16
622	19
623	24
624	18
625	32
626	27
627	22
628	23
629	30
63	111208
630	24
631	15
632	19
633	24
634	24
635	23
636	11
637	16
638	33
639	24
64	103681
640	22
641	18
642	31
643	25
644	19
645	28
646	17
647	25
648	25
649	24
65	114736
650	21
651	14
652	24
653	16
654	19
655	22
656	14
657	19
658	18
659	15
66	98365
660	14
661	22
662	31
663	15
664	20
665	17
666	21
667	15
668	21
669	21
67	98928
670	20
671	21
672	24
673	25
674	19
675	26
676	22
677	24
678	20
679	22
68	96011
680	21
681	15
682	29
683	25
684	15
685	19
686	16
687	29
688	19
689	13
69	90729
690	21
691	26
692	20
693	18
694	19
695	15
696	18
697	12
698	21
699	14
7	2276096
70	99240
700	22
701	23
702	20
703	25
704	21
705	12
706	23
707	30
708	12
709	13
71	85434
710	19
711	18
712	16
713	16
714	22
715	21
716	13
717	18
718	18
719	17
72	85641
720	13
721	17
722	14
723	18
724	20
725	13
726	24
727	19
728	16
729	17
73	83654
730	20
731	29
732	22
733	14
734	16
735	18
736	15
737	19
738	24
739	11
74	78642
740	16
741	15
742	10
743	23
744	8
745	14
746	21
747	10
748	20
749	20
75	86749
750	14
751	15
752	21
753	17
754	18
755	20
756	13
757	17
758	11
759	20
76	74519
760	14
761	20
762	23
763	10
764	14
765	26
766	12
767	22
768	18
769	18
77	75278
770	16
771	20
772	13
773	16
774	11
775	20
776	15
777	12
778	12
779	8
78	73163
780	16
781	15
782	19
783	16
784	14
785	16
786	20
787	20
788	20
789	17
79	68647
790	10
791	15
792	15
793	19
794	15
795	14
796	13
797	23
798	14
799	21
8	2113209
80	75743
800	11
801	9
802	23
803	18
804	14
805	14
806	19
807	17
808	12
809	13
81	65246
810	16
811	16
812	16
813	10
814	14
815	16
816	13
817	21
818	11
819	13
82	65765
820	19
821	14
822	17
823	17
824	14
825	20
826	7
827	18
828	23
829	19
83	63762
830	20
831	14
832	16
833	12
834	9
835	24
836	13
837	17
838	12
839	12
84	60374
840	14
841	8
842	21
843	14
844	15
845	16
846	18
847	15
848	18
849	10
85	66504
850	12
851	17
852	20
853	6
854	19
855	14
856	14
857	14
858	14
859	13
86	57520
860	14
861	18
862	19
863	12
864	15
865	9
866	10
867	12
868	10
869	16
87	58627
870	9
871	12
872	8
873	13
874	18
875	13
876	13
877	14
878	13
879	6
88	56841
880	15
881	7
882	13
883	16
884	9
885	10
886	10
887	7
888	6
889	16
89	53936
890	8
891	6
892	9
893	14
894	7
895	10
896	14
897	11
898	15
899	14
9	1872606
90	59005
900	7
901	6
902	10
903	11
904	9
905	15
906	7
907	16
908	6
909	11
91	51186
910	13
911	6
912	9
913	10
914	14
915	10
916	14
917	9
918	6
919	10
92	51055
920	14
921	8
922	12
923	14
924	11
925	12
926	13
927	11
928	11
929	14
93	50092
930	7
931	12
932	7
933	5
934	12
935	11
936	10
937	14
938	7
939	10
94	47673
940	10
941	6
942	11
943	17
944	12
945	15
946	7
947	8
948	13
949	6
95	52057
950	11
951	10
952	3
953	7
954	10
955	8
956	5
957	16
958	14
959	6
96	45125
960	10
961	10
962	6
963	4
964	5
965	8
966	8
967	7
968	12
969	6
97	45944
970	7
971	6
972	9
973	6
974	8
975	13
976	14
977	8
978	10
979	13
98	44371
980	10
981	11
982	6
983	12
984	14
985	11
986	6
987	6
988	8
989	6
99	42378
990	6
991	5
992	9
993	16
994	6
995	6
996	5
997	13
998	4
